sim: 0.29978651376146787
score1: 0.07475325144826866
score2: 0.008099480144481723
score3: 0.0016601268622357598
score4: 0.0005682355515615688
Rouge1: 0.13121144304497556
Rouge2: 0.01184847935407141
Rougel: 0.1199019397848881
