sim: 0.30649880733944956
score1: 0.07672330516094372
score2: 0.008526721249071405
score3: 0.0017972464501127155
score4: 0.0005522881216619939
Rouge1: 0.1313006414829338
Rouge2: 0.011866666899124358
Rougel: 0.11914561187535162
