sim: 0.424716122840691
score1: 0.2100580415354243
score2: 0.0889628788173569
score3: 0.05531340905340022
score4: 0.03733462153597681
Rouge1: 0.22513288754839292
Rouge2: 0.10368310264665793
Rougel: 0.21677507790758746
