sim: 0.43110903041825094
score1: 0.21296048778536092
score2: 0.08812993906810648
score3: 0.05378998640056815
score4: 0.03670284026529395
Rouge1: 0.22999425373029028
Rouge2: 0.10265952114389043
Rougel: 0.22052632152647852
