sim: 0.41383
score1: 0.124280803913308
score2: 0.032214789165552496
score3: 0.013518544983783728
score4: 0.0084705916186231
Rouge1: 0.20483486479020854
Rouge2: 0.05405620242288587
Rougel: 0.1865313243760373
