sim: 0.16097477064220184
score1: 0.11216923875382312
score2: 0.012762418381807954
score3: 0.0015290095628014786
score4: 0.00021577487527509032
Rouge1: 0.10741992673334765
Rouge2: 0.0103269318793601
Rougel: 0.09288439605154229
