sim: 0.41428036697247705
score1: 0.12220760287126463
score2: 0.03186419309328632
score3: 0.0133698294816316
score4: 0.00821824271723077
Rouge1: 0.20117920665448188
Rouge2: 0.05251288038771967
Rougel: 0.182660932127487
