sim: 0.1501548623853211
score1: 0.11221599304551931
score2: 0.012223791257518138
score3: 0.0012325496649656848
score4: 0.00021450944036077255
Rouge1: 0.10490525437161549
Rouge2: 0.010347082808723648
Rougel: 0.09048735580652714
